-1.403205722011956258e+00 9.894255223398935595e-01
-8.820850521115104481e-01 -2.636175969075194025e-02
-1.047293803953847746e+00 -6.740721995506420150e-01
-1.076115363998694008e+00 2.251764221397156707e-01
-9.091248956075966836e-01 -2.446896595332753499e+00
-1.977830297854952679e+00 7.852046269446735227e-01
-5.984931767600851771e-01 -4.098651088666455111e-01
-1.678612035190617746e+00 8.661617970020911716e-01
-5.330487186724118809e-01 -2.760032593908146481e+00
-1.909378601176813239e-01 4.877354274107055243e-01
-7.831948066630638472e-01 -9.675378373882390637e-01
-2.313348521553857395e+00 -6.368052092549427723e-01
4.449328230567279885e-01 -2.655345207766476534e+00
-2.082656265364317694e-01 -4.539331002263928827e-01
-1.959757034262546327e+00 1.605491782284631519e-01
-5.096944632144355669e-01 8.629860220402916227e-01
-8.187691244042167860e-01 6.718208965621481621e-01
-1.238829098832658682e+00 4.836543103207181504e-01
-1.472272170727859653e-01 -1.167788635577953649e+00
3.901424223797871349e-01 -1.599019197267839587e+00
-2.903533031965581213e+00 7.735355773894569964e-01
3.109075522040198880e-01 -1.864488749178148774e+00
-9.099097822574871985e-01 8.125151976131528286e-01
-1.331195584686128308e+00 3.504759220595107250e-01
-2.072494735771781116e+00 -1.213643993013686195e+00
8.563793492107331096e-01 1.574328872926655354e+00
1.760646256431497747e+00 9.836886346244539947e-01
-1.526601050051898500e+00 1.286258318610475015e+00
-3.539819413169034146e-01 1.749792809978178765e+00
-2.878524940262979115e+00 1.899859767342539918e-01
2.320682032325275923e+00 1.182390350237578325e+00
7.473281065010322077e-01 1.035100436703214610e+00
-3.668460599894257657e-01 4.007021780780618547e-01
7.312814117306746242e-01 6.319943122014599624e-01
-1.151445536562891947e+00 -3.842141875759228498e-01
1.804752776172238837e+00 1.159731374807227100e+00
-2.858176518181188008e-01 2.063617530603137684e+00
-9.315974841517604688e-01 1.894846066208923485e+00
-8.208063980337958476e-01 5.631472654035388770e-01
1.324051953932641634e+00 9.084202641462439942e-01
-2.914340289625271252e-01 8.095843946689887938e-01
6.883113504724747145e-01 2.437238854441475588e+00
3.070519653291347573e-01 9.563496948947950438e-01
-3.328580537764124214e-01 1.535358592746884243e+00
1.612625865569241146e+00 2.232226904645368215e+00
1.121243855253949651e+00 -3.147870739984497401e-01
-9.046949849282337475e-01 -1.705951991286454916e+00
-1.511587010808646436e+00 -2.276954969781958660e+00
1.180993451756697787e+00 3.340348345194017465e-01
-1.516840312506824606e+00 1.844696771677232228e+00
